1101
1101
1101
1101
1101
1101
1101
1101
1101
1101
1102
1102
1102
1102
1102
1102
1102
1102
1102
1102
1102
1103
1103
1103
1103
1103
1103
1103
1103
1103
1103
1103
1103
1103
1103
1103
1103
1103
1103
1104
1104
1104
1104
1104
1104
1104
1104
1104
1104
1104
1104
1104
1104
1104
1104
1105
1105
1105
1105
1105
1105
1105
1105
1105
1105
1105
1105
1105
1105
1105
1105
1105
1105
1105
1105
1105
1105
1105
1105
1106
1106
1106
1106
1106
1106
1106
1106
1106
1106
1106
1106
1106
1106
1107
1107
1107
1107
1107
1107
1107
1107
1107
1107
1107
1107
1108
1108
1108
1108
1108
1108
1108
1108
1108
1108
1108
1108
1108
1108
1108
1108
1108
1108
1108
1108
1108
1108
1108
1109
1109
1109
1109
1109
1109
1109
1109
1109
1109
1109
1109
1109
1109
1109
1109
1109
1109
1109
1109
1109
1109
1109
1110
1110
1110
1110
1110
1110
1110
1110
1110
1110
1110
1110
1110
1110
1110
1110
1110
1111
1111
1111
1111
1111
1111
1111
1111
1111
1111
1111
1111
1111
1111
1111
1111
1111
1111
1111
1111
1111
1111
1111
1111
1111
1111
1111
1112
1112
1112
1112
1112
1112
1112
1112
1112
1113
1113
1113
1113
1113
1113
1113
1113
1113
1113
1113
1114
1114
1114
1114
1114
1114
1114
1114
1114
1114
1114
1114
1115
1115
1115
1115
1115
1115
1115
1115
1115
1115
1116
1116
1116
1116
1116
1116
1116
1116
1116
1117
1117
1117
1117
1117
1117
1117
1117
1117
1117
1118
1118
1118
1118
1118
1118
1118
1118
1171
1171
1171
1171
1171
1171
1171
1171
1171
1172
1172
1173
1173
1173
1173
1173
1174
1174
1174
1174
1175
1175
1175
1175
1175
1201
1201
1201
1201
1201
1201
1201
1201
1201
1201
1202
1202
1202
1202
1202
1202
1202
1202
1202
1202
1202
1202
1202
1202
1202
1202
1202
1202
1202
1202
1202
1202
1202
1203
1203
1203
1203
1203
1203
1203
1203
1203
1203
1203
1203
1203
1203
1204
1204
1204
1204
1204
1204
1204
1204
1204
1204
1204
1204
1204
1204
1204
1204
1204
1204
1204
1204
1205
1205
1205
1205
1205
1205
1205
1205
1205
1205
1205
1205
1205
1205
1205
1206
1206
1206
1206
1206
1206
1206
1206
1206
1206
1206
1206
1206
1206
1206
1206
1207
1207
1207
1207
1207
1207
1207
1207
1207
1208
1208
1208
1208
1208
1208
1208
1208
1208
1208
1208
1208
1208
1208
1208
1208
1208
1208
1208
1208
1208
1208
1208
1208
1208
1209
1209
1209
1209
1209
1209
1209
1209
1209
1209
1209
1209
1209
1209
1209
1209
1209
1209
1209
1209
1209
1209
1209
1209
1209
1209
1209
1209
1209
1209
1209
1210
1210
1210
1210
1210
1210
1210
1210
1210
1210
1210
1210
1210
1210
1210
1211
1211
1211
1211
1211
1211
1211
1211
1211
1211
1211
1211
1211
1211
1211
1211
1211
1212
1212
1212
1212
1212
1212
1212
1212
1212
1212
1212
1212
1212
1212
1212
1212
1212
1212
1212
1212
1212
1212
1213
1213
1213
1213
1213
1213
1213
1213
1213
1213
1213
1213
1213
1213
1213
1213
1213
1213
1213
1213
1213
1213
1213
1214
1214
1214
1214
1214
1214
1214
1214
1214
1214
1214
1214
1214
1214
1214
1214
1214
1214
1214
1214
1214
1214
1214
1214
1214
1214
1214
1214
1214
1214
1214
1214
1214
1214
1214
1215
1215
1215
1215
1215
1215
1215
1215
1215
1215
1216
1216
1216
1216
1216
1216
1216
1216
1217
1217
1217
1217
1217
1217
1217
1217
1217
1218
1218
1218
1218
1218
1218
1218
1218
1218
1218
1218
1218
1218
1218
1218
1218
1218
1219
1219
1219
1219
1219
1219
1219
1219
1219
1219
1219
1219
1220
1220
1220
1220
1220
1220
1220
1220
1220
1220
1220
1220
1221
1221
1221
1221
1221
1221
1221
1221
1221
1221
1221
1221
1222
1222
1222
1222
1222
1223
1223
1223
1223
1223
1223
1223
1223
1224
1224
1224
1224
1224
1224
1224
1224
1224
1224
1224
1225
1225
1225
1225
1225
1225
1225
1225
1271
1271
1271
1271
1272
1272
1272
1272
1272
1272
1273
1273
1273
1273
1273
1273
1273
1273
1274
1274
1274
1274
1274
1275
1275
1275
1275
1275
1275
1275
1275
1275
1275
1275
1275
1275
1275
1275
1275
1275
1275
1275
1275
1275
1276
1276
1276
1276
1276
1277
1277
1277
1277
1277
1277
1278
1278
1278
1278
1278
1278
1301
1301
1301
1301
1301
1301
1301
1301
1301
1301
1302
1302
1302
1302
1302
1302
1302
1302
1302
1302
1302
1302
1302
1302
1302
1303
1303
1303
1303
1303
1303
1303
1303
1303
1303
1303
1303
1303
1303
1304
1304
1304
1304
1304
1304
1304
1304
1305
1305
1305
1305
1305
1305
1305
1305
1305
1305
1305
1305
1305
1305
1306
1306
1306
1306
1306
1306
1306
1306
1306
1306
1306
1306
1306
1306
1306
1306
1306
1307
1307
1307
1307
1307
1307
1307
1307
1307
1307
1307
1307
1307
1307
1307
1307
1308
1308
1308
1308
1308
1308
1308
1308
1308
1308
1308
1308
1308
1309
1309
1309
1309
1309
1309
1309
1309
1309
1309
1309
1309
1310
1310
1310
1310
1310
1310
1310
1311
1311
1311
1311
1311
1311
1311
1311
1311
1311
1311
1312
1312
1312
1312
1312
1312
1312
1312
1312
1312
1312
1371
1371
1371
1371
1371
1371
1371
1371
1371
1371
1371
1372
1372
1373
1373
1373
1373
1374
1374
1375
1375
1375
1376
1376
1376
1376
1376
1377
1377
1377
1377
1401
1401
1401
1401
1401
1401
1401
1401
1401
1401
1401
1401
1401
1401
1401
1402
1402
1402
1402
1402
1402
1402
1402
1402
1402
1402
1402
1402
1402
1403
1403
1403
1403
1403
1403
1403
1403
1403
1403
1403
1403
1403
1403
1403
1403
1403
1403
1403
1403
1404
1404
1404
1404
1404
1404
1404
1404
1404
1404
1404
1404
1405
1405
1405
1405
1405
1405
1405
1405
1405
1405
1405
1405
1405
1405
1406
1406
1406
1406
1406
1406
1406
1406
1406
1406
1406
1406
1406
1406
1406
1406
1406
1406
1406
1406
1406
1407
1407
1407
1407
1407
1407
1407
1407
1407
1407
1407
1407
1407
1407
1407
1407
1408
1408
1408
1408
1408
1408
1408
1408
1408
1408
1408
1409
1409
1409
1409
1409
1409
1409
1409
1409
1409
1409
1409
1409
1409
1409
1409
1409
1409
1410
1410
1410
1410
1410
1410
1410
1410
1410
1471
1471
1471
1471
1471
1471
1471
1471
1471
1471
1471
1471
1473
1473
1473
1473
1473
1473
1473
1501
1501
1501
1501
1501
1501
1501
1501
1501
1501
1501
1501
1501
1501
1501
1501
1502
1502
1502
1502
1502
1502
1502
1502
1502
1502
1502
1502
1502
1502
1502
1502
1502
1502
1502
1502
1502
1502
1502
1502
1503
1503
1503
1503
1503
1503
1503
1503
1503
1503
1504
1504
1504
1504
1504
1504
1504
1504
1505
1505
1505
1505
1505
1505
1505
1505
1505
1505
1505
1506
1506
1506
1506
1506
1506
1506
1506
1506
1506
1506
1507
1507
1507
1507
1507
1507
1507
1507
1507
1507
1507
1507
1507
1508
1508
1508
1508
1508
1508
1508
1508
1508
1508
1508
1508
1509
1509
1509
1509
1509
1509
1509
1509
1509
1509
1509
1509
1509
1509
1509
1509
1509
1571
1571
1571
1571
1571
1571
1571
1571
1571
1571
1571
1572
1572
1572
1572
1572
1572
1572
1572
1601
1601
1601
1601
1601
1601
1601
1601
1601
1601
1601
1601
1601
1602
1602
1602
1602
1602
1602
1602
1602
1602
1602
1602
1602
1602
1602
1602
1602
1602
1602
1603
1603
1603
1603
1603
1603
1603
1603
1603
1603
1603
1603
1603
1603
1603
1603
1603
1603
1603
1603
1604
1604
1604
1604
1604
1604
1604
1604
1604
1604
1604
1604
1604
1604
1604
1604
1604
1604
1604
1604
1604
1604
1604
1604
1605
1605
1605
1605
1605
1605
1605
1605
1605
1605
1605
1605
1605
1605
1606
1606
1606
1606
1606
1606
1606
1606
1606
1606
1606
1606
1606
1606
1607
1607
1607
1607
1607
1607
1607
1607
1607
1607
1607
1607
1607
1607
1607
1607
1607
1607
1607
1608
1608
1608
1608
1608
1608
1608
1608
1608
1608
1608
1608
1608
1608
1608
1608
1608
1608
1608
1609
1609
1609
1609
1609
1609
1609
1609
1609
1609
1609
1609
1609
1609
1609
1609
1609
1609
1609
1609
1610
1610
1610
1610
1610
1610
1610
1610
1610
1610
1610
1610
1610
1610
1610
1610
1611
1611
1611
1611
1611
1611
1611
1611
1611
1611
1612
1612
1612
1612
1612
1613
1613
1613
1613
1613
1613
1613
1671
1671
1671
1671
1671
1671
1671
1671
1671
1671
1671
1671
1671
1671
1671
1671
1671
1671
1672
1672
1672
1672
1672
1672
1673
1673
1673
1673
1673
1674
1674
1674
1674
1674
1674
1674
1674
1701
1701
1701
1701
1701
1701
1701
1701
1701
1701
1701
1702
1702
1702
1702
1702
1702
1702
1702
1702
1702
1702
1702
1702
1702
1702
1703
1703
1703
1703
1703
1703
1703
1703
1703
1703
1703
1703
1703
1703
1703
1703
1703
1703
1703
1704
1704
1704
1704
1704
1704
1704
1704
1704
1704
1704
1704
1704
1704
1704
1705
1705
1705
1705
1705
1705
1705
1705
1705
1705
1705
1705
1705
1705
1706
1706
1706
1706
1706
1706
1706
1706
1706
1706
1706
1706
1706
1706
1706
1707
1707
1707
1707
1707
1707
1707
1707
1707
1707
1707
1707
1708
1708
1708
1708
1708
1708
1708
1708
1709
1709
1709
1709
1709
1709
1709
1709
1709
1709
1771
1771
1771
1771
1771
1771
1771
1771
1771
1801
1801
1801
1801
1801
1801
1801
1801
1801
1801
1801
1801
1801
1801
1801
1802
1802
1802
1802
1802
1802
1802
1802
1802
1802
1802
1802
1802
1802
1802
1802
1802
1802
1802
1802
1803
1803
1803
1803
1803
1803
1803
1803
1803
1803
1803
1803
1803
1803
1803
1803
1803
1804
1804
1804
1804
1804
1804
1804
1804
1804
1804
1804
1804
1804
1804
1804
1804
1804
1804
1804
1804
1804
1804
1804
1804
1805
1805
1805
1805
1805
1805
1805
1805
1805
1805
1805
1805
1805
1805
1805
1805
1805
1805
1805
1805
1805
1805
1805
1805
1805
1805
1805
1805
1806
1806
1806
1806
1806
1806
1806
1806
1806
1806
1806
1806
1806
1806
1806
1806
1806
1806
1806
1806
1806
1806
1806
1807
1807
1807
1807
1807
1807
1807
1807
1807
1807
1807
1807
1807
1807
1808
1808
1808
1808
1808
1808
1808
1808
1808
1808
1808
1808
1808
1808
1808
1809
1809
1809
1809
1809
1809
1809
1809
1809
1809
1809
1810
1810
1810
1810
1810
1810
1810
1810
1810
1811
1811
1811
1811
1811
1811
1811
1812
1812
1812
1812
1812
1812
1812
1812
1812
1813
1813
1813
1813
1813
1813
1813
1813
1813
1813
1813
1871
1871
1871
1871
1871
1871
1871
1871
1871
1871
1871
1871
1871
1871
1871
1871
1871
1871
1871
1871
1872
1872
1872
1872
1872
1901
1901
1901
1901
1901
1901
1901
1901
1902
1902
1902
1902
1902
1903
1903
1903
1903
1903
1903
1904
1904
1904
1904
1904
1904
1905
1905
1905
1905
1905
1905
1905
1905
1906
1906
1906
1906
1906
1906
1906
1971
1971
1971
1971
1971
1971
1971
2101
2101
2101
2101
2101
2101
2101
2101
2101
2101
2101
2101
2102
2102
2102
2102
2102
2102
2102
2102
2102
2102
2103
2103
2103
2103
2103
2103
2103
2103
2103
2103
2103
2103
2103
2103
2103
2104
2104
2104
2104
2104
2104
2104
2104
2104
2104
2105
2105
2105
2105
2105
2105
2105
2171
2171
2171
2171
2171
2171
2171
2171
2171
2171
2171
2171
2172
2172
2172
2172
3101
3101
3171
3171
3171
3171
3171
3171
3171
3171
3171
3171
3172
3172
3172
3172
3172
3172
3172
3172
3172
3172
3173
3173
3173
3173
3173
3173
3173
3173
3174
3174
3174
3174
3174
3174
3174
3174
3175
3175
3175
3175
3175
3175
3201
3201
3201
3201
3201
3201
3201
3201
3201
3201
3201
3201
3201
3201
3201
3201
3201
3201
3201
3201
3201
3201
3201
3201
3201
3201
3201
3201
3201
3201
3201
3201
3201
3201
3201
3201
3201
3201
3201
3201
3202
3202
3202
3202
3202
3202
3202
3202
3202
3202
3202
3202
3202
3202
3202
3202
3202
3202
3202
3202
3202
3202
3202
3202
3202
3202
3202
3202
3202
3202
3202
3202
3202
3202
3202
3202
3202
3202
3202
3202
3202
3202
3202
3202
3202
3202
3202
3203
3203
3203
3203
3203
3203
3203
3203
3203
3203
3203
3203
3203
3203
3203
3203
3203
3203
3203
3203
3203
3203
3203
3203
3203
3203
3203
3203
3203
3203
3203
3203
3204
3204
3204
3204
3204
3204
3204
3204
3204
3204
3204
3204
3204
3204
3204
3204
3204
3204
3204
3204
3204
3204
3204
3204
3204
3204
3204
3204
3204
3204
3204
3205
3205
3205
3205
3205
3205
3205
3205
3205
3205
3205
3205
3205
3205
3205
3205
3205
3205
3205
3205
3205
3205
3205
3205
3205
3205
3205
3205
3205
3205
3205
3205
3205
3205
3205
3205
3205
3205
3205
3205
3205
3205
3206
3206
3206
3206
3206
3206
3206
3206
3206
3206
3206
3206
3206
3206
3206
3206
3206
3206
3206
3206
3206
3206
3206
3206
3206
3206
3206
3206
3206
3206
3206
3206
3206
3206
3206
3206
3206
3206
3206
3207
3207
3207
3207
3207
3207
3207
3207
3207
3207
3207
3207
3207
3207
3207
3207
3207
3207
3207
3207
3207
3207
3207
3207
3207
3207
3207
3208
3208
3208
3208
3208
3208
3208
3208
3208
3208
3208
3208
3208
3208
3208
3208
3208
3208
3208
3208
3208
3208
3208
3208
3208
3208
3208
3208
3208
3208
3208
3208
3209
3209
3209
3209
3209
3209
3209
3209
3209
3209
3209
3209
3209
3209
3209
3209
3209
3209
3209
3209
3209
3209
3209
3209
3209
3209
3209
3209
3209
3209
3209
3209
3209
3209
3209
3209
3209
3209
3209
3209
3210
3210
3210
3210
3210
3210
3210
3210
3210
3210
3210
3210
3210
3210
3210
3210
3210
3210
3210
3210
3210
3210
3210
3210
3210
3210
3211
3211
3211
3211
3211
3211
3211
3211
3211
3211
3211
3211
3211
3211
3211
3211
3211
3211
3211
3211
3211
3211
3211
3211
3211
3211
3212
3212
3212
3212
3212
3212
3212
3212
3212
3212
3212
3212
3212
3212
3212
3212
3212
3212
3212
3212
3212
3212
3212
3212
3212
3212
3212
3212
3212
3212
3212
3213
3213
3213
3213
3213
3213
3213
3213
3213
3213
3213
3213
3213
3213
3213
3213
3213
3213
3213
3213
3213
3213
3213
3213
3213
3213
3213
3213
3213
3213
3214
3214
3214
3214
3214
3214
3214
3214
3214
3214
3214
3214
3214
3214
3214
3214
3214
3215
3215
3215
3215
3215
3215
3215
3215
3215
3215
3215
3215
3215
3215
3215
3215
3215
3215
3215
3215
3215
3215
3215
3215
3215
3215
3215
3215
3215
3215
3216
3216
3216
3216
3216
3216
3216
3216
3216
3216
3216
3216
3216
3216
3216
3216
3216
3216
3216
3216
3216
3216
3216
3217
3217
3217
3217
3217
3217
3217
3217
3217
3217
3217
3217
3217
3217
3217
3217
3218
3218
3218
3218
3218
3218
3218
3218
3218
3218
3271
3271
3271
3271
3271
3271
3272
3272
3272
3272
3272
3272
3272
3273
3273
3273
3273
3273
3273
3273
3273
3273
3273
3273
3273
3273
3273
3273
3273
3273
3273
3273
3273
3273
3273
3273
3273
3273
3273
3273
3273
3273
3273
3274
3274
3274
3274
3274
3275
3275
3275
3275
3275
3275
3275
3275
3275
3275
3275
3275
3276
3276
3276
3276
3276
3276
3276
3276
3276
3276
3276
3277
3277
3277
3278
3278
3278
3278
3278
3278
3278
3278
3278
3278
3279
3279
3279
3279
3301
3301
3301
3301
3301
3301
3301
3301
3301
3301
3301
3301
3301
3301
3301
3301
3301
3301
3301
3301
3301
3301
3301
3301
3302
3302
3302
3302
3302
3302
3302
3302
3302
3302
3302
3302
3302
3302
3302
3302
3302
3302
3302
3302
3302
3302
3302
3302
3302
3302
3302
3303
3303
3303
3303
3303
3303
3303
3303
3303
3303
3303
3303
3303
3303
3303
3303
3303
3303
3304
3304
3304
3304
3304
3304
3304
3304
3304
3304
3304
3304
3304
3304
3304
3304
3304
3304
3304
3304
3305
3305
3305
3305
3305
3305
3305
3305
3305
3305
3305
3305
3305
3305
3305
3305
3305
3305
3305
3305
3305
3305
3305
3305
3305
3305
3306
3306
3306
3306
3306
3306
3306
3306
3306
3306
3306
3306
3306
3306
3306
3306
3307
3307
3307
3307
3307
3307
3307
3307
3307
3307
3307
3307
3307
3307
3307
3308
3308
3308
3308
3308
3308
3308
3308
3308
3308
3308
3308
3308
3308
3308
3308
3308
3308
3308
3308
3308
3309
3309
3309
3309
3309
3309
3309
3309
3309
3309
3309
3309
3309
3309
3309
3309
3309
3309
3309
3310
3310
3310
3310
3310
3310
3310
3310
3310
3310
3310
3310
3310
3310
3310
3310
3310
3310
3310
3310
3310
3310
3310
3310
3310
3310
3311
3311
3311
3311
3311
3311
3311
3311
3311
3311
3311
3311
3312
3312
3312
3312
3312
3312
3312
3312
3312
3312
3312
3312
3312
3312
3312
3312
3312
3312
3312
3312
3312
3312
3312
3312
3312
3313
3313
3313
3313
3313
3313
3313
3313
3313
3313
3313
3313
3313
3313
3313
3313
3313
3314
3314
3314
3314
3314
3314
3314
3314
3314
3314
3314
3314
3314
3314
3314
3314
3314
3314
3314
3314
3315
3315
3315
3315
3315
3315
3315
3315
3315
3315
3315
3315
3315
3315
3315
3315
3315
3315
3315
3316
3316
3316
3316
3316
3316
3316
3316
3316
3316
3316
3316
3316
3316
3316
3316
3317
3317
3317
3317
3317
3317
3317
3317
3317
3317
3317
3317
3317
3317
3318
3318
3318
3318
3318
3318
3318
3318
3318
3318
3318
3318
3318
3318
3318
3318
3318
3318
3318
3318
3318
3319
3319
3319
3319
3319
3319
3319
3319
3319
3320
3320
3320
3320
3320
3320
3320
3320
3320
3320
3320
3320
3320
3320
3320
3320
3321
3321
3321
3321
3321
3321
3321
3321
3321
3321
3321
3321
3321
3321
3322
3322
3322
3322
3322
3322
3322
3322
3322
3322
3322
3322
3322
3322
3322
3322
3322
3322
3322
3323
3323
3323
3323
3323
3323
3323
3323
3323
3323
3323
3323
3323
3323
3323
3323
3323
3323
3323
3323
3324
3324
3324
3324
3324
3324
3324
3324
3324
3324
3324
3324
3324
3324
3324
3324
3324
3324
3324
3324
3325
3325
3325
3325
3325
3325
3325
3325
3325
3325
3325
3325
3325
3325
3325
3326
3326
3326
3326
3326
3326
3326
3326
3326
3326
3326
3326
3326
3326
3326
3326
3326
3326
3326
3327
3327
3327
3327
3327
3327
3327
3327
3327
3327
3327
3327
3327
3327
3328
3328
3328
3328
3328
3328
3328
3328
3328
3328
3328
3328
3328
3328
3328
3328
3328
3328
3329
3329
3329
3329
3329
3329
3329
3329
3329
3329
3329
3329
3329
3329
3329
3329
3329
3371
3371
3371
3372
3372
3372
3372
3372
3373
3373
3373
3373
3374
3374
3374
3374
3374
3374
3374
3374
3374
3374
3374
3374
3374
3374
3374
3374
3375
3375
3375
3375
3376
3376
3376
3376
3401
3401
3401
3401
3401
3401
3401
3401
3401
3401
3401
3401
3402
3402
3402
3402
3402
3402
3402
3402
3402
3402
3402
3402
3402
3402
3402
3402
3402
3403
3403
3403
3403
3403
3403
3403
3403
3403
3403
3403
3403
3403
3403
3403
3403
3403
3403
3404
3404
3404
3404
3404
3404
3404
3404
3404
3404
3404
3404
3404
3404
3404
3404
3404
3471
3471
3471
3471
3471
3471
3471
3471
3471
3471
3471
3471
3471
3471
3501
3501
3501
3501
3501
3501
3501
3501
3501
3501
3501
3501
3502
3502
3502
3502
3502
3502
3502
3502
3502
3502
3502
3502
3502
3502
3502
3502
3502
3502
3502
3502
3502
3503
3503
3503
3503
3503
3503
3503
3503
3503
3503
3503
3503
3503
3503
3504
3504
3504
3504
3504
3504
3504
3504
3504
3504
3504
3504
3504
3504
3504
3504
3504
3504
3504
3505
3505
3505
3505
3505
3505
3505
3505
3505
3505
3505
3505
3505
3505
3505
3505
3505
3505
3505
3505
3505
3505
3506
3506
3506
3506
3506
3506
3506
3506
3506
3506
3506
3506
3506
3506
3506
3506
3506
3506
3506
3506
3506
3506
3506
3506
3506
3506
3507
3507
3507
3507
3507
3507
3507
3507
3507
3507
3507
3507
3507
3507
3507
3507
3507
3507
3507
3507
3507
3507
3507
3507
3507
3507
3507
3507
3507
3507
3507
3507
3507
3508
3508
3508
3508
3508
3508
3508
3508
3508
3508
3508
3508
3508
3508
3508
3508
3508
3508
3508
3508
3508
3509
3509
3509
3509
3509
3509
3509
3509
3509
3509
3509
3509
3509
3509
3509
3509
3509
3509
3509
3509
3509
3509
3509
3509
3509
3509
3509
3509
3509
3509
3509
3510
3510
3510
3510
3510
3510
3510
3510
3510
3510
3510
3510
3510
3510
3510
3510
3510
3510
3510
3510
3510
3510
3510
3510
3510
3511
3511
3511
3511
3511
3511
3511
3511
3511
3511
3511
3511
3511
3511
3511
3511
3511
3511
3511
3511
3511
3511
3511
3512
3512
3512
3512
3512
3512
3512
3512
3512
3512
3512
3512
3512
3512
3512
3512
3512
3513
3513
3513
3513
3513
3513
3513
3513
3513
3513
3513
3513
3513
3513
3513
3513
3513
3513
3513
3513
3513
3513
3513
3513
3514
3514
3514
3514
3514
3514
3514
3514
3514
3514
3514
3514
3514
3514
3514
3514
3514
3514
3514
3514
3514
3514
3514
3514
3515
3515
3515
3515
3515
3515
3515
3515
3515
3515
3515
3515
3515
3515
3515
3515
3515
3515
3516
3516
3516
3516
3516
3516
3516
3516
3516
3516
3516
3516
3516
3516
3516
3516
3516
3516
3517
3517
3517
3517
3517
3517
3517
3517
3517
3517
3517
3517
3517
3517
3517
3517
3517
3517
3517
3517
3517
3518
3518
3518
3518
3518
3518
3518
3518
3518
3518
3518
3518
3518
3518
3518
3518
3518
3518
3518
3518
3519
3519
3519
3519
3519
3519
3519
3519
3519
3519
3519
3519
3519
3519
3519
3520
3520
3520
3520
3520
3520
3520
3520
3520
3520
3520
3520
3520
3520
3520
3520
3520
3520
3521
3521
3521
3521
3521
3521
3521
3521
3521
3521
3521
3521
3521
3521
3521
3521
3521
3521
3521
3522
3522
3522
3522
3522
3522
3522
3522
3522
3522
3522
3522
3522
3522
3522
3522
3522
3522
3522
3522
3522
3522
3522
3522
3522
3522
3522
3522
3523
3523
3523
3523
3523
3523
3523
3523
3523
3523
3523
3523
3523
3523
3523
3523
3523
3523
3523
3523
3524
3524
3524
3524
3524
3524
3524
3524
3524
3524
3524
3524
3524
3524
3524
3524
3524
3524
3524
3524
3524
3524
3524
3524
3524
3524
3524
3525
3525
3525
3525
3525
3525
3525
3525
3525
3525
3525
3525
3525
3525
3525
3525
3525
3525
3526
3526
3526
3526
3526
3526
3526
3526
3526
3526
3526
3526
3526
3526
3526
3526
3526
3526
3527
3527
3527
3527
3527
3527
3527
3527
3527
3527
3527
3527
3527
3527
3528
3528
3528
3528
3528
3528
3528
3528
3528
3528
3528
3528
3528
3529
3529
3529
3529
3529
3529
3529
3529
3529
3529
3529
3529
3529
3529
3529
3529
3529
3529
3529
3529
3529
3529
3529
3529
3529
3529
3529
3571
3571
3571
3572
3572
3572
3573
3573
3573
3573
3573
3574
3574
3574
3574
3574
3575
3575
3575
3575
3576
3576
3576
3577
3577
3577
3578
3578
3578
3578
3578
3578
3578
3578
3578
3578
3578
3578
3578
3578
3578
3578
3578
3578
3578
3578
3578
3578
3578
3578
3578
3578
3578
3578
3578
3578
3578
3579
3579
3579
3601
3601
3601
3601
3601
3601
3601
3601
3601
3601
3601
3601
3601
3601
3601
3601
3601
3601
3601
3601
3601
3601
3601
3601
3601
3601
3601
3601
3601
3601
3601
3601
3601
3601
3601
3602
3602
3602
3602
3602
3602
3602
3602
3602
3602
3602
3602
3602
3602
3602
3602
3602
3602
3602
3602
3602
3602
3602
3602
3602
3602
3602
3602
3603
3603
3603
3603
3603
3603
3603
3603
3603
3603
3603
3603
3603
3603
3603
3603
3603
3603
3603
3603
3603
3603
3603
3603
3603
3603
3603
3603
3603
3604
3604
3604
3604
3604
3604
3604
3604
3604
3604
3604
3604
3604
3604
3604
3604
3604
3604
3604
3604
3604
3604
3604
3604
3604
3604
3604
3604
3604
3671
3671
3671
3671
3671
3671
3671
3671
3671
3671
3671
3671
3671
3672
3672
3672
3672
3672
3672
3672
3672
3673
3673
3673
3673
3673
3673
3674
3674
3674
3674
3674
3674
3674
5101
5101
5101
5101
5101
5102
5102
5102
5102
5102
5102
5102
5102
5102
5102
5103
5103
5103
5103
5103
5103
5104
5104
5104
5104
5104
5104
5104
5105
5105
5105
5105
5106
5106
5106
5106
5107
5107
5107
5107
5107
5107
5107
5107
5108
5108
5108
5108
5108
5108
5108
5108
5108
5171
5171
5171
5171
5201
5201
5201
5201
5201
5201
5201
5201
5201
5201
5202
5202
5202
5202
5202
5202
5202
5202
5202
5202
5202
5202
5203
5203
5203
5203
5203
5203
5203
5203
5203
5203
5203
5203
5203
5203
5203
5203
5203
5203
5203
5203
5204
5204
5204
5204
5204
5204
5204
5204
5204
5204
5204
5204
5204
5204
5204
5204
5204
5204
5204
5204
5204
5204
5204
5204
5205
5205
5205
5205
5205
5205
5205
5205
5206
5206
5206
5206
5206
5206
5206
5206
5206
5206
5206
5206
5206
5206
5206
5206
5206
5206
5207
5207
5207
5207
5207
5207
5207
5207
5208
5208
5208
5208
5208
5271
5271
5271
5271
5271
5271
5272
5272
5272
5272
5272
5301
5301
5301
5301
5301
5301
5302
5302
5302
5302
5302
5302
5302
5302
5302
5302
5302
5302
5302
5302
5302
5302
5302
5302
5302
5302
5302
5302
5303
5303
5303
5303
5303
5303
5303
5303
5303
5303
5303
5303
5303
5303
5303
5303
5303
5303
5303
5303
5303
5303
5303
5303
5304
5304
5304
5304
5304
5304
5304
5304
5304
5304
5304
5304
5304
5304
5304
5304
5304
5304
5304
5304
5304
5304
5304
5304
5304
5304
5304
5304
5304
5304
5304
5304
5305
5305
5305
5305
5305
5305
5305
5305
5305
5305
5305
5305
5305
5305
5305
5305
5305
5305
5305
5305
5305
5305
5305
5305
5306
5306
5306
5306
5306
5306
5306
5306
5306
5306
5306
5306
5307
5307
5307
5307
5307
5307
5307
5307
5307
5307
5307
5307
5307
5307
5307
5307
5307
5308
5308
5308
5308
5308
5308
5308
5308
5308
5309
5309
5309
5309
5309
5309
5309
5309
5309
5309
5309
5309
5309
5309
5309
5309
5309
5309
5309
5310
5310
5310
5310
5310
5310
5310
5310
5310
5310
5310
5310
5310
5310
5310
5310
5310
5310
5310
5310
5310
5311
5311
5311
5311
5311
5311
5311
5311
5311
5311
5311
5311
5311
5311
5311
5311
5311
5311
5311
5311
5311
5312
5312
5312
5312
5312
5312
5312
5312
5312
5312
5312
5312
5313
5313
5313
5313
5313
5313
5313
5313
5313
5313
5313
5313
5314
5314
5314
5314
5314
5314
5314
5314
5314
5314
5315
5315
5315
5315
5315
5315
5315
5315
5315
5315
5316
5316
5316
5316
5316
5317
5317
5317
5317
5317
5317
5317
5317
5317
5317
5317
5318
5318
5318
5318
5318
5318
5318
5319
5319
5319
5319
5319
5319
5319
5319
5319
5320
5320
5320
5320
5320
5320
5321
5321
5321
5321
5321
5321
5321
5321
5321
5321
5321
5321
5371
5371
5371
5371
5371
5371
6101
6101
6101
6101
6101
6101
6101
6101
6101
6101
6101
6101
6101
6101
6101
6101
6101
6101
6101
6102
6102
6102
6102
6102
6102
6102
6102
6102
6102
6102
6102
6102
6102
6102
6102
6102
6103
6103
6103
6103
6103
6103
6103
6103
6103
6103
6103
6103
6103
6104
6104
6104
6104
6104
6104
6104
6104
6104
6105
6105
6105
6105
6105
6105
6105
6105
6105
6105
6105
6105
6105
6105
6105
6106
6106
6106
6106
6106
6106
6106
6106
6106
6106
6106
6106
6106
6106
6106
6106
6106
6106
6106
6106
6107
6107
6107
6107
6107
6107
6107
6107
6107
6107
6107
6107
6107
6107
6108
6108
6108
6108
6108
6108
6108
6108
6108
6108
6108
6108
6108
6108
6108
6108
6108
6108
6108
6108
6108
6108
6108
6109
6109
6109
6109
6109
6109
6109
6110
6110
6110
6110
6110
6110
6110
6110
6110
6110
6110
6111
6111
6111
6111
6111
6111
6112
6112
6112
6112
6112
6112
6112
6112
6112
6171
6171
6171
6171
6171
6171
6172
6172
6172
6172
6172
6201
6201
6201
6201
6201
6201
6202
6202
6202
6202
6202
6202
6202
6202
6202
6202
6202
6202
6202
6202
6202
6202
6202
6203
6203
6203
6203
6203
6203
6203
6203
6203
6203
6203
6203
6203
6203
6203
6203
6203
6204
6204
6204
6204
6204
6204
6205
6205
6205
6205
6205
6205
6205
6205
6205
6206
6206
6206
6206
6206
6207
6207
6207
6207
6207
6207
6207
6207
6208
6208
6208
6208
6208
6208
6208
6208
6208
6208
6209
6209
6209
6209
6209
6209
6209
6209
6209
6209
6209
6209
6209
6210
6210
6210
6210
6210
6210
6210
6210
6211
6211
6211
6211
6211
6211
6211
6211
6211
6211
6211
6211
6212
6212
6212
6212
6212
6212
6212
6212
6212
6212
6213
6213
6213
6213
6213
6213
6213
6213
6213
6213
6271
6271
6271
6271
6271
6301
6301
6301
6301
6301
6301
6301
6301
6301
6301
6301
6302
6302
6302
6302
6302
6302
6302
6302
6302
6302
6302
6302
6302
6302
6302
6302
6302
6302
6302
6302
6302
6303
6303
6303
6303
6303
6303
6303
6303
6303
6303
6303
6303
6303
6303
6303
6303
6303
6303
6303
6304
6304
6304
6304
6304
6304
6304
6304
6304
6304
6304
6304
6304
6304
6304
6304
6304
6305
6305
6305
6305
6305
6305
6305
6305
6305
6305
6305
6305
6306
6306
6306
6306
6306
6306
6306
6306
6306
6306
6306
6307
6307
6307
6307
6307
6307
6307
6307
6307
6307
6307
6308
6308
6308
6308
6308
6308
6308
6308
6308
6308
6309
6309
6309
6309
6309
6309
6309
6309
6309
6309
6309
6309
6310
6310
6310
6310
6310
6310
6310
6310
6310
6310
6311
6311
6311
6311
6311
6311
6311
6311
6371
6371
6371
6371
6371
6372
6372
6372
6372
6372
6401
6401
6401
6401
6401
6401
6401
6401
6401
6401
6402
6402
6402
6402
6402
6402
6402
6402
6402
6402
6402
6402
6402
6402
6402
6402
6403
6403
6403
6403
6403
6403
6403
6403
6403
6403
6403
6403
6403
6403
6403
6403
6403
6403
6404
6404
6404
6404
6404
6404
6404
6404
6404
6404
6404
6404
6404
6404
6404
6404
6404
6404
6405
6405
6405
6405
6405
6405
6405
6405
6405
6405
6405
6405
6405
6409
6409
6409
6409
6411
6411
6411
6411
6411
6471
6471
6471
6471
6471
6471
6472
6472
6472
6472
6472
6472
6472
6472
6472
6472
6474
6474
6474
6501
6501
6501
6501
6501
6501
6501
6501
6501
6501
6501
6501
6501
6501
6501
6502
6502
6502
6502
6502
6502
6502
6502
6502
6502
6503
6503
6503
6503
6503
6504
6504
6504
6504
6504
6504
6504
6504
6504
6504
6504
6504
6504
6504
6504
6504
6504
6504
6504
6571
6571
6571
6571
7101
7101
7101
7101
7101
7101
7101
7101
7101
7101
7101
7101
7101
7101
7101
7102
7102
7102
7102
7102
7102
7102
7102
7102
7102
7102
7102
7102
7102
7102
7102
7102
7102
7102
7102
7102
7102
7102
7102
7102
7103
7103
7103
7103
7103
7103
7103
7103
7103
7103
7103
7103
7103
7103
7103
7104
7104
7104
7104
7104
7104
7104
7104
7104
7104
7104
7104
7104
7104
7104
7104
7104
7104
7104
7105
7105
7105
7105
7105
7105
7105
7105
7105
7105
7105
7105
7105
7105
7105
7105
7105
7106
7106
7106
7106
7106
7106
7106
7106
7106
7106
7107
7107
7107
7107
7107
7107
7108
7108
7108
7108
7108
7108
7108
7108
7108
7108
7109
7109
7109
7109
7109
7109
7109
7109
7109
7109
7109
7109
7110
7110
7110
7110
7110
7110
7110
7111
7111
7111
7111
7111
7111
7111
7171
7171
7171
7171
7171
7171
7171
7171
7171
7171
7171
7172
7172
7172
7172
7172
7172
7172
7172
7173
7173
7173
7173
7173
7174
7174
7174
7174
7201
7201
7201
7201
7201
7201
7201
7201
7201
7201
7201
7201
7202
7202
7202
7202
7202
7202
7202
7202
7202
7202
7202
7202
7202
7202
7202
7202
7202
7202
7202
7202
7202
7202
7202
7203
7203
7203
7203
7203
7203
7203
7203
7203
7204
7204
7204
7204
7204
7204
7204
7204
7204
7204
7204
7204
7204
7204
7204
7204
7204
7204
7204
7205
7205
7205
7205
7205
7205
7205
7205
7205
7205
7205
7205
7205
7205
7205
7205
7206
7206
7206
7206
7206
7206
7206
7206
7206
7206
7207
7207
7207
7207
7207
7207
7207
7207
7207
7207
7207
7208
7208
7208
7208
7208
7208
7208
7208
7208
7208
7208
7208
7208
7208
7208
7208
7208
7208
7208
7208
7208
7208
7208
7209
7209
7209
7209
7209
7209
7209
7209
7209
7209
7209
7209
7210
7210
7210
7210
7210
7210
7210
7210
7210
7210
7210
7210
7210
7210
7210
7211
7211
7211
7211
7211
7211
7211
7212
7212
7212
7212
7212
7212
7212
7212
7212
7212
7271
7271
7271
7271
7271
7271
7271
7271
7301
7301
7301
7301
7301
7301
7301
7301
7301
7301
7301
7302
7302
7302
7302
7302
7302
7302
7302
7302
7302
7303
7303
7303
7303
7303
7303
7303
7303
7304
7304
7304
7304
7304
7304
7304
7304
7304
7304
7304
7305
7305
7305
7305
7305
7305
7305
7305
7305
7306
7306
7306
7306
7306
7306
7306
7306
7306
7306
7306
7306
7306
7306
7306
7306
7306
7306
7307
7307
7307
7307
7307
7307
7307
7307
7307
7308
7308
7308
7308
7308
7308
7308
7308
7308
7308
7308
7308
7308
7308
7309
7309
7309
7309
7309
7309
7309
7309
7309
7309
7309
7309
7309
7310
7310
7310
7310
7310
7310
7310
7311
7311
7311
7311
7311
7311
7311
7311
7311
7311
7311
7311
7311
7311
7311
7311
7311
7311
7311
7311
7311
7311
7311
7311
7311
7311
7311
7312
7312
7312
7312
7312
7312
7312
7312
7313
7313
7313
7313
7313
7313
7313
7313
7313
7313
7313
7313
7313
7313
7314
7314
7314
7314
7314
7314
7314
7314
7314
7314
7314
7315
7315
7315
7315
7315
7315
7315
7315
7315
7315
7315
7315
7316
7316
7316
7316
7316
7316
7316
7316
7316
7316
7316
7316
7317
7317
7317
7317
7317
7317
7317
7317
7317
7317
7317
7317
7317
7317
7317
7317
7317
7317
7317
7317
7317
7317
7318
7318
7318
7318
7318
7318
7318
7318
7318
7318
7318
7318
7318
7318
7318
7318
7318
7318
7318
7322
7322
7322
7322
7322
7322
7322
7322
7322
7322
7322
7322
7325
7325
7325
7325
7325
7325
7325
7325
7325
7325
7325
7326
7326
7326
7326
7326
7326
7326
7326
7326
7326
7326
7326
7326
7326
7326
7326
7326
7326
7326
7326
7326
7371
7371
7371
7371
7371
7371
7371
7371
7371
7371
7371
7371
7371
7371
7371
7372
7372
7372
7372
7373
7373
7373
7373
7373
7373
7373
7373
7373
7401
7401
7401
7401
7401
7401
7401
7402
7402
7402
7402
7402
7402
7402
7402
7402
7402
7402
7402
7402
7402
7402
7402
7402
7402
7402
7402
7402
7402
7403
7403
7403
7403
7403
7403
7403
7403
7403
7403
7403
7403
7403
7403
7403
7403
7403
7403
7403
7403
7403
7403
7403
7403
7403
7403
7403
7403
7403
7404
7404
7404
7404
7404
7404
7404
7404
7404
7404
7404
7404
7405
7405
7405
7405
7405
7405
7405
7405
7405
7405
7405
7405
7405
7405
7405
7405
7405
7405
7405
7405
7405
7405
7405
7405
7405
7406
7406
7406
7406
7406
7406
7406
7406
7406
7406
7406
7406
7406
7406
7406
7406
7406
7406
7406
7406
7406
7406
7407
7407
7407
7407
7407
7407
7407
7407
7408
7408
7408
7408
7408
7408
7408
7408
7408
7408
7408
7408
7408
7408
7408
7409
7409
7409
7409
7409
7409
7410
7410
7410
7410
7410
7410
7410
7410
7410
7410
7410
7410
7410
7411
7411
7411
7411
7411
7411
7411
7411
7411
7411
7411
7411
7412
7412
7412
7412
7412
7412
7412
7413
7413
7413
7413
7413
7413
7413
7413
7413
7413
7413
7414
7414
7414
7414
7414
7414
7414
7415
7415
7415
7415
7415
7415
7415
7471
7471
7471
7471
7471
7471
7471
7471
7471
7471
7471
7472
7472
7472
7472
7472
7472
7472
7472
7501
7501
7501
7501
7501
7501
7501
7502
7502
7502
7502
7502
7502
7502
7502
7502
7502
7502
7502
7502
7502
7502
7502
7502
7502
7502
7503
7503
7503
7503
7503
7503
7503
7503
7503
7503
7503
7503
7503
7504
7504
7504
7504
7504
7504
7504
7504
7504
7504
7504
7504
7504
7504
7504
7504
7504
7504
7505
7505
7505
7505
7505
7505
7505
7505
7505
7505
7505
7571
7571
7571
7571
7571
7571
7571
7571
7571
7601
7601
7601
7601
7601
7601
7601
7601
7602
7602
7602
7602
7602
7602
7602
7602
7602
7602
7602
7602
7602
7602
7602
7602
7603
7603
7603
7603
7603
7603
7603
7603
7603
7603
7603
7603
7603
7603
7603
7603
7603
7604
7604
7604
7604
7604
7604
7604
7604
7604
7604
7604
7605
7605
7605
7605
7605
7605
7605
7605
7605
7605
7605
7605
7606
7606
7606
7606
7606
8101
8101
8101
8101
8101
8101
8101
8101
8101
8101
8102
8102
8102
8102
8102
8102
8102
8102
8102
8102
8102
8103
8103
8103
8103
8103
8103
8103
8103
8103
8103
8103
8103
8103
8103
8103
8103
8103
8103
8104
8104
8104
8104
8104
8104
8104
8104
8104
8104
8105
8105
8105
8105
8105
8105
8105
8105
8105
8105
8106
8106
8106
8106
8106
8106
8106
8106
8106
8106
8106
8107
8107
8107
8107
8107
8107
8107
8107
8107
8107
8107
8107
8107
8107
8107
8108
8108
8108
8108
8108
8108
8108
8108
8108
8108
8108
8108
8108
8108
8108
8108
8108
8109
8109
8109
8109
8109
8109
8171
8171
8171
8171
8171
8172
8172
8172
8172
8172
8201
8201
8201
8201
8201
8201
8201
8201
8202
8202
8202
8202
8202
8202
8202
8202
8202
8202
8203
8203
8203
8203
8203
8203
8203
8203
8203
8203
8203
8203
8204
8204
8204
8204
8204
8204
8204
8204
8204
8204
8204
8204
8204
8204
8204
8204
8204
8204
8204
8204
8204
8204
8204
8204
8204
8204
8204
8204
8204
8204
8205
8205
8205
8205
8205
8205
8205
8205
8205
8205
8205
8205
8205
8205
8205
8205
8205
8206
8206
8206
8206
8206
8206
8206
8206
8206
8206
8207
8207
8207
8207
8207
8208
8208
8208
8208
8208
8208
8208
8208
8271
8271
8271
8271
8271
8271
8271
8271
8272
8272
8272
8272
8272
8272
8272
8272
9101
9101
9101
9101
9101
9101
9101
9101
9101
9101
9101
9101
9101
9101
9101
9101
9101
9102
9102
9102
9102
9102
9102
9102
9103
9103
9103
9103
9103
9103
9103
9103
9103
9103
9103
9103
9103
9104
9104
9104
9104
9104
9104
9104
9104
9104
9104
9104
9104
9104
9104
9104
9104
9104
9104
9104
9104
9104
9104
9104
9104
9105
9105
9105
9105
9105
9105
9105
9105
9105
9106
9106
9106
9106
9106
9106
9106
9106
9106
9106
9106
9106
9106
9106
9106
9107
9107
9107
9107
9107
9107
9107
9107
9107
9107
9107
9107
9107
9107
9107
9107
9107
9107
9107
9107
9107
9107
9107
9107
9107
9107
9107
9107
9107
9107
9108
9108
9108
9108
9108
9108
9108
9108
9108
9108
9108
9108
9108
9108
9108
9108
9108
9108
9108
9108
9108
9108
9108
9108
9109
9109
9109
9109
9109
9109
9109
9109
9109
9109
9109
9109
9109
9109
9109
9109
9109
9109
9109
9109
9109
9109
9109
9109
9109
9109
9109
9109
9110
9110
9110
9110
9110
9110
9110
9110
9110
9110
9110
9110
9110
9110
9110
9110
9110
9110
9110
9110
9110
9110
9110
9110
9111
9111
9111
9111
9111
9111
9112
9112
9112
9112
9112
9112
9112
9112
9112
9112
9171
9171
9171
9171
9171
9171
9171
9171
9171
9171
9401
9401
9401
9401
9401
9401
9401
9401
9401
9401
9401
9401
9401
9401
9401
9401
9401
9401
9401
9401
9402
9402
9402
9402
9402
9402
9402
9402
9402
9402
9402
9402
9402
9402
9402
9402
9402
9402
9402
9402
9402
9402
9402
9402
9402
9402
9402
9402
9402
9402
9402
9402
9402
9402
9402
9402
9402
9402
9402
9403
9403
9403
9403
9403
9403
9403
9403
9403
9403
9403
9403
9403
9403
9403
9403
9403
9403
9403
9404
9404
9404
9404
9404
9404
9404
9404
9404
9404
9404
9404
9404
9404
9404
9408
9408
9408
9408
9408
9408
9408
9408
9408
9408
9408
9408
9408
9408
9408
9408
9409
9409
9409
9409
9409
9409
9409
9409
9409
9409
9409
9409
9409
9409
9409
9409
9409
9409
9409
9410
9410
9410
9410
9410
9410
9410
9410
9410
9410
9410
9410
9410
9410
9410
9410
9410
9410
9410
9410
9411
9411
9411
9411
9411
9411
9411
9411
9411
9411
9411
9411
9411
9411
9411
9411
9411
9411
9411
9411
9411
9411
9411
9411
9411
9411
9412
9412
9412
9412
9412
9412
9412
9412
9412
9412
9412
9412
9412
9412
9412
9412
9412
9412
9413
9413
9413
9413
9413
9413
9413
9413
9413
9413
9413
9413
9413
9413
9413
9413
9413
9413
9413
9413
9414
9414
9414
9414
9414
9414
9414
9414
9414
9414
9414
9414
9414
9414
9414
9415
9415
9415
9415
9415
9415
9415
9415
9415
9415
9415
9415
9415
9415
9415
9415
9415
9415
9415
9415
9415
9415
9415
9416
9416
9416
9416
9416
9416
9416
9416
9416
9416
9416
9416
9416
9416
9416
9416
9416
9416
9416
9416
9416
9416
9416
9416
9416
9416
9416
9416
9416
9416
9416
9416
9416
9416
9416
9416
9416
9416
9416
9416
9416
9416
9416
9416
9416
9416
9416
9416
9416
9416
9416
9417
9417
9417
9417
9417
9417
9417
9417
9417
9417
9417
9417
9417
9417
9417
9417
9417
9417
9417
9417
9417
9417
9417
9417
9417
9417
9417
9417
9417
9417
9417
9417
9417
9417
9418
9418
9418
9418
9418
9418
9418
9418
9418
9418
9418
9418
9418
9418
9418
9418
9418
9418
9418
9418
9418
9418
9418
9418
9418
9418
9418
9418
9418
9418
9418
9418
9418
9418
9418
9418
9418
9418
9418
9418
9418
9418
9418
9418
9418
9418
9419
9419
9419
9419
9419
9419
9419
9419
9419
9419
9419
9419
9419
9419
9419
9419
9419
9419
9419
9420
9420
9420
9420
9420
9420
9420
9420
9420
9420
9420
9426
9426
9426
9426
9426
9426
9426
9426
9426
9426
9426
9426
9427
9427
9427
9427
9427
9428
9428
9428
9428
9428
9428
9428
9428
9428
9429
9429
9429
9429
9429
9429
9429
9429
9429
9429
9429
9429
9429
9429
9429
9429
9429
9429
9429
9429
9429
9429
9429
9429
9429
9429
9429
9429
9429
9429
9429
9429
9430
9430
9430
9430
9430
9430
9430
9430
9430
9430
9430
9430
9430
9430
9430
9430
9430
9430
9430
9430
9430
9430
9430
9430
9430
9430
9430
9430
9430
9430
9430
9430
9430
9430
9430
9430
9430
9431
9431
9431
9431
9431
9432
9432
9432
9432
9432
9433
9433
9433
9433
9433
9433
9433
9433
9433
9433
9433
9433
9433
9433
9433
9433
9433
9433
9433
9433
9433
9433
9433
9433
9433
9434
9434
9434
9434
9434
9434
9434
9434
9434
9434
9435
9435
9435
9435
9435
9435
9436
9436
9436
9436
9436
9471
9471
9471
9471
9471
